WAVE=2
LEVEL=6
CURRENT_XP=61.690002
NEXT_LEVEL_XP=371.292969
HP=200.000000
MAX_HP=200.000000
WEAPON=0
